camera_info:
  frame_id: "camera_optical_frame"
  height: 600
  width: 800
  K: [698.6145056581588, 0.0, 400.0, 0.0, 698.6145056581588, 300.0, 0.0, 0.0, 1.0]